4947,-1933,16623,5448,-5
6795,-2101,15403,5283,-3
8315,-2181,14771,5199,-5
11671,-2437,14591,5355,-6
12887,-1533,12551,5309,-4
12467,-1157,10075,5405,-5
15539,-1261,9255,5426,1
15651,-1345,7963,5395,2
15819,-1125,5267,5306,-7
16775,-593,4479,5223,-2
17747,-817,2575,5184,0
18259,70,-508,5232,174
16379,-605,-1452,5366,-173
17163,-661,-2556,5366,175
16815,-553,-5056,5350,-177
15827,-921,-7416,5225,-176
14775,-197,-8328,5138,178
13135,438,-11468,5290,177
12663,-301,-13020,5070,-178
11447,-285,-13588,5196,-176
8443,318,-14800,5272,179
7407,42,-15564,5559,-177
5267,-577,-15968,5398,-177
3231,-781,-16648,5354,-179
675,-545,-16804,5345,-178
-664,-513,-16544,5356,-177
-2484,-897,-16020,5526,-178
-4336,-1157,-15860,5467,-178
-6372,-961,-15428,5489,-173
-7288,-977,-14116,5357,-172
-9748,-965,-12636,5417,-173
-10272,-1581,-10500,5530,-173
-11836,-1169,-9508,5361,-176
-12636,-2421,-8232,5387,-163
-14952,-2097,-5724,5447,-162
-13608,-1757,-3680,5257,-149
-14536,-1961,-1608,5477,-141
-15092,-2201,863,5367,-117
-16080,-2273,2487,5217,-66
-15216,-2593,4735,5145,-32
-12328,-2081,7763,5224,-23
-13268,-2861,7891,5040,-21
-11552,-2305,9943,5254,-15
-10032,-1693,12355,5396,-12
-10224,-2301,13355,5356,-14
-7176,-2725,13627,5631,-13
-5532,-2041,15455,5446,-8
-4856,-1889,14691,5404,-9
-3284,-2197,15511,5275,-6
-752,-3361,15627,5299,-9
899,-2493,15535,5316,-7
4283,-2113,16763,5339,-6
5475,-1641,16431,5489,-6
6379,-2021,15771,5329,-4
8759,-1729,14591,5245,-5
10143,-1873,13191,5274,-7
12295,-1845,12095,5253,-5
13299,-2141,10363,5196,-5
14923,-1053,10795,5267,-4
15611,-541,8995,5159,-4
15987,-833,6347,4954,-5
17431,-621,5055,5175,-19
17603,-405,2075,5247,-32
18019,190,-264,5309,-66
17567,-477,-1476,5320,-74
20291,394,-5280,5378,177
16471,26,-6112,5390,-179
16467,294,-7388,5250,-176
15907,-589,-9228,5219,-178
14055,-509,-11760,5350,179
13707,-445,-12540,5283,-178
11599,-133,-13172,5192,-179
9643,242,-14428,5173,-179
9107,-237,-15600,5314,-178
6847,14,-15492,5620,-179
4127,-985,-16336,5207,-174
2403,-821,-16484,5308,-176
919,-1077,-17032,5296,-175
-516,-389,-17060,5328,-176
-3568,-901,-16412,5493,-179
-4788,-1137,-15040,5527,-175
-5456,-949,-15416,5397,-175
-8436,-1301,-12900,5435,-173
-9684,-2261,-12356,5323,-169
-10776,-2133,-11644,5322,-171
-12740,-2069,-9452,5138,-169
-13448,-1793,-8152,5310,-165
-14060,-1981,-5236,5124,-161
-14580,-2249,-3224,5372,-151
-14520,-2353,-676,5240,-131
-14696,-1781,1351,5343,-85
-15156,-2485,3267,5158,-47
-14464,-2821,3791,5209,-28
-14172,-3361,7635,5248,-20
-11728,-2193,8355,5132,-15
-11440,-2353,10207,5231,-11
-9492,-2717,12335,5169,-13
-8512,-2257,14015,5414,-11
-6448,-2109,14827,5619,-9
-4768,-2489,14995,5401,-9
-3120,-2461,15503,5283,-9
-1776,-1985,15075,5359,-8
-616,-1289,15695,5306,-6
3031,-2093,16203,5391,-7
4711,-1477,15971,5463,-5
6675,-1865,15727,5447,-7
7287,-2001,14159,5135,-8
9575,-1645,13915,5204,-6
11435,-1589,12579,5210,-8
13175,-1265,11459,5388,-4
13043,-1641,8931,5298,-5
15727,-2065,7251,5361,-7
17595,-865,7351,5324,-1
17523,-1305,4655,5452,-11
17983,-1161,3067,5262,-7
17775,-1357,959,5357,3
18779,-1369,-1796,5361,-165
17071,-669,-2620,5578,-144
17343,-1709,-3652,5496,-168
17503,-365,-5968,5289,-174
15859,-1001,-9364,5408,-176
15203,-213,-10476,5751,-178
12503,-453,-11216,5555,177
12659,-537,-13480,5603,179
10743,-637,-14240,5631,-177
8607,-513,-15224,5542,-179
6355,-381,-15836,5495,-177
5315,-25,-16520,5657,-177
2651,-277,-16712,5559,-177
-244,-729,-16820,5411,-174
-804,-445,-16456,5224,-172
-2640,-1461,-15876,5462,-174
-5996,-1097,-14328,5644,-177
-6984,-773,-13892,5718,-175
-9344,-921,-12828,5134,-177
-10440,-1409,-11448,5243,-174
-11716,-1969,-10804,5580,-171
-13152,-1293,-7832,5740,-172
-13888,-1693,-7456,5424,-165
-13204,-1673,-4764,5478,-146
-15048,-2345,-1740,5525,-112
-14140,-2033,227,5443,-78
-15364,-2565,1807,5518,-44
-14344,-2169,4631,5548,-29
-13660,-2505,7743,5221,-22
-12520,-2545,7671,5180,-17
-12436,-2385,10651,5344,-12
-9760,-2713,11507,5144,-11
-10600,-2897,12383,5468,-9
-8112,-3049,12991,5529,-9
-4592,-2437,14443,5618,-8
-3028,-3305,15011,5701,-10
-2436,-2573,14907,5526,-6
559,-2321,15575,5602,-7
3879,-2045,16591,5629,-6
3427,-2129,16511,5580,-10
6219,-2265,15591,5547,-7
9899,-1761,14627,5321,-8
10731,-973,13763,5694,-4
10127,-1881,12591,5475,-8
13283,-1973,10991,5598,-9
13267,-945,8679,5480,-4
15095,-1265,6751,5567,-8
16771,-1457,4967,5642,-6
18467,-1305,3347,5411,-11
18623,-725,1179,5428,-12
19127,-517,-16,5403,-17
17423,-89,-820,5418,-95
19631,-321,-4704,5249,-176
15835,186,-6688,5495,-177
16263,306,-7500,5444,177
15595,554,-9160,5172,-176
14315,-169,-11320,5038,-178
13175,-225,-12344,5402,-178
10839,-49,-12892,5414,-179
9375,126,-14372,5384,178
7419,214,-15772,5410,178
5831,-93,-16236,5617,179
3535,-1001,-16576,5449,-177
1251,-601,-16788,5518,-178
-416,-1725,-16312,5558,-174
-2172,-781,-15484,5726,179
-4016,-901,-15732,5525,-175
-6284,-969,-15048,5701,-174
-8148,-1733,-12932,5434,-173
-9528,-1061,-11444,5576,-174
-11284,-1001,-9048,5551,-172
-11992,-1185,-7948,5393,-169
-13780,-1937,-5912,5534,-164
-13920,-2085,-2876,5645,-164
-14936,-1649,-1800,5493,-154
-14380,-1981,1011,5540,-131
-15664,-2613,2243,5518,-73
-14988,-2593,3631,5497,-44
-13988,-2629,4007,5381,-33
-14348,-2917,7631,5716,-20
-10732,-2793,8455,5464,-16
-11588,-2969,9863,5681,-15
-8644,-2101,11271,5705,-10
-7568,-2273,13663,5709,-9
-7152,-2593,15343,5563,-8
-4640,-1905,15611,5570,-9
-2976,-1493,16483,5627,-5
279,-2321,17423,5447,-8
639,-2341,17207,5528,-6
5203,-2925,17087,5697,-7
5267,-2245,16619,5684,-6
5943,-1673,15223,5394,-7
10103,-1389,14935,5337,-7
11927,-1061,13335,5491,-6
13319,-545,13015,5464,-1
14259,-1817,10439,5212,-5
15267,-1449,8731,5346,-8
15923,-1085,8855,5529,-5
17575,-1233,5475,5526,-8
17907,-965,2591,5362,-10
17543,-1241,207,5357,0
19239,-873,-2404,5542,163
17599,-173,-4424,5559,178
17003,-541,-6208,5457,-178
17051,-765,-7728,5351,-171
15935,-1009,-9516,5454,-174
14659,-1109,-10436,5586,-176
13131,-1121,-11396,5379,-178
13043,-365,-13820,5590,179
10615,-525,-15580,5257,-179
9335,-617,-15988,5266,-179
6547,-265,-15732,5297,-179
4979,-765,-17224,5294,-179
2523,-641,-16752,5262,-177
1063,-569,-16428,5115,-177
-640,-349,-15728,5362,-177
-3432,-1033,-16244,5308,-179
-3616,-997,-15280,5254,-177
-6952,-1213,-14360,5475,-174
-8084,-977,-13892,5294,-174
-9868,-2033,-12640,5281,-170
-9720,-1201,-11028,5404,-174
-12428,-353,-9700,5150,-178
-12784,-2629,-7840,5201,-159
-14580,-1541,-5776,5036,-164
-14620,-1925,-3008,5144,-156
-14324,-2037,-1080,5325,-113
-14412,-2481,-1036,5208,-114
-15316,-2033,1287,5135,-69
-14432,-2333,4163,5099,-40
-13228,-2673,5691,5003,-30
-13580,-2161,7515,5050,-18
-12256,-2861,8391,5072,-19
-11664,-2413,9659,4984,-11
-10216,-2813,11843,4785,-12
-8264,-2373,12975,5004,-11
-6968,-2145,13715,5161,-8
-4312,-2589,13679,5112,-10
-3500,-2301,15703,4881,-8
-3420,-2033,16115,4806,-8
1263,-2697,15419,5094,-9
2571,-2721,15907,4984,-7
3031,-2301,16619,4901,-7
5407,-1709,16435,4869,-7
6299,-2125,15263,4979,-10
7711,-2357,14803,4898,-9
10995,-977,14047,5050,-6
11039,-1353,13115,4830,-4
13127,-1913,11723,4882,-6
13591,-1281,9947,4703,-6
14967,-889,9155,4956,-3
17231,-1181,6975,4929,-6
16775,-1617,6027,4678,-11
17611,-1017,3319,4698,-17
18543,-1041,2091,4563,-12
16939,-1065,1415,4750,-47
18579,-245,-2052,4990,-156
17799,-381,-3744,4656,-177
18191,-285,-4416,4826,-179
17487,-617,-6972,4831,-173
15619,-85,-8608,4713,179
16011,-581,-9160,4731,-176
15619,-421,-11820,4851,-178
12647,82,-12240,4984,-178
10995,-73,-13044,5118,176
10335,-469,-15032,4690,-176
9003,-449,-14920,4800,-177
7267,-697,-16064,5034,179
5759,-257,-16768,4823,-177
3455,-1145,-16692,4736,-177
2503,-733,-17696,4853,-177
147,166,-16880,4717,179
-1364,-1133,-16784,4675,-176
-3436,-1293,-16608,5023,-175
-3584,-837,-15308,4922,-176
-6432,-425,-15372,4896,-175
-7404,-1053,-13848,4771,-175
-9044,-1641,-12896,5112,-174
-10208,-1569,-11704,4623,-174
-11476,-969,-9152,4757,-171
-11976,-1833,-9400,4899,-167
-13640,-1965,-8012,4720,-165
-14288,-1957,-4312,4816,-161
-14192,-1825,-4356,4788,-154
-14968,-1857,-1616,4774,-149
-13608,-2317,159,4956,-108
-14856,-1773,911,4977,-69
-14440,-2581,4079,4927,-36
-13464,-1913,5539,4960,-26
-13740,-2509,7275,4676,-19
-11736,-1621,8647,4758,-15
-10840,-2921,9731,4901,-14
-11400,-2709,11871,4754,-12
-9328,-2433,12047,4796,-12
-7136,-2425,13147,4767,-11
-5428,-2209,14263,4839,-9
-4456,-2341,15787,5003,-9
-2896,-2601,15155,4771,-9
-500,-2329,16251,4555,-7
-248,-1873,16135,5058,-8
2395,-2577,16815,4942,-8
3635,-1921,15703,5115,-6
5239,-1605,15639,4908,-6
7363,-2141,14579,4864,-6
8579,-1417,15195,4945,-6
10399,-1273,12599,4860,-10
13587,-1693,11927,4909,-5
12611,-1857,11623,4934,-9
14499,-729,10051,5105,-3
15043,-1529,6963,4703,-11
16739,-889,7119,4882,-9
16027,-1021,5963,4909,-9
17547,-933,2499,4699,-13
17627,90,1303,4794,0
18691,-5,383,4851,-42
17463,-1697,-1912,4911,-121
18487,-217,-4280,4670,-177
16575,-313,-6076,4680,-175
17695,-601,-7144,4837,-179
15663,-605,-8416,4793,179
14099,-349,-9548,4914,-179
14635,214,-11524,4981,179
12727,110,-13372,4798,-179
11363,-209,-13988,4804,-178
9751,-817,-15088,5040,179
8803,102,-16136,4829,-177
6635,-321,-15972,4925,-178
5075,-109,-16388,4967,179
2287,-773,-17568,4951,-178
1147,-377,-16972,4869,-177
-284,-629,-17236,4919,-178
-3056,-413,-16376,5003,-179
-4392,-1885,-15636,4796,-177
-5172,-837,-15344,5161,-176
-8364,-1185,-15104,4905,-173
-9040,-1525,-13264,4817,-176
-9396,-1285,-10852,4990,-173
-12068,-1033,-11088,4910,-170
-12616,-1525,-9052,4854,-170
-13648,-1145,-7000,5073,-170
-13440,-1857,-6192,4905,-161
-14324,-1661,-3708,4821,-157
-14888,-2397,-1032,5084,-136
-13888,-1461,-956,5114,-97
-15156,-2537,1507,4921,-85
-13640,-2361,3359,4911,-33
-13672,-2069,5495,5070,-27
-13488,-2181,6931,4825,-18
-11568,-2569,8423,4858,-16
-10868,-2537,10871,4918,-12
-10100,-1969,12351,5116,-12
-8960,-2481,11571,4971,-10
-7288,-2293,14143,4964,-9
-4568,-2481,15019,4872,-11
-3608,-2413,15203,5079,-8
-3052,-2605,15351,4894,-8
-808,-1817,16419,4870,-8
1483,-2081,16207,5075,-8
3167,-1765,15963,4910,-5
4383,-2285,16467,4902,-7
5795,-1733,15239,4985,-7
9199,-2009,14059,4907,-9
8707,-1841,13531,4885,-5
10719,-1017,13419,5025,-5
12787,-1637,12523,4946,-8
13743,-989,10407,4878,-4
15635,-989,9103,4762,-5
15347,-1001,8143,4823,-12
17003,-1173,4715,4853,-8
18715,-561,3251,4649,-11
18279,-941,2555,4874,-20
18579,-561,575,4853,-30
18179,-321,-1632,4730,-171
17155,-733,-3212,4770,-153
18775,-197,-3952,5157,-170
16843,-537,-5840,4861,-176
15659,-113,-7528,4819,174
16043,50,-9804,4817,-175
15451,-501,-12004,4933,-178
12591,-237,-12608,4915,-179
11383,-333,-14084,4845,-177
10811,-365,-15188,4945,-178
8987,-461,-15160,4714,-178
7619,-109,-15560,4933,-179
4891,386,-17000,4954,177
2779,-497,-17160,4778,-177
2347,-1081,-17052,4824,-178
267,-685,-17596,5029,-179
-2432,-805,-17044,4971,-177
-3780,-1049,-15748,4684,-175
-4144,-1109,-15672,5087,-176
-7268,-1165,-14908,4857,-175
-8696,-1265,-13044,4767,-174
-9428,-1425,-12436,5055,-173
-11456,-1225,-11588,5016,-171
-12036,-1141,-7800,5098,-171
-13056,-1665,-8204,4614,-166
-13496,-1537,-6196,4844,-165
-14460,-1541,-4096,4942,-161
-14684,-2057,-2372,4856,-142
-14140,-2093,-2560,4844,-122
-14876,-2193,1591,4976,-86
-14888,-2149,2707,5036,-39
-14216,-1941,4059,4871,-30
-13192,-2161,7367,4834,-14
-11956,-2181,8407,4856,-17
-11844,-2329,9307,5004,-14
-10816,-2621,10939,4934,-12
-10228,-2577,12327,4719,-15
-6540,-2205,12311,5024,-11
-7356,-3013,14331,4614,-10
-5252,-2737,14635,4788,-9
-2576,-2577,15567,4628,-7
-3056,-2681,15491,4681,-8
623,-1793,16415,4984,-8
3079,-2429,16155,4935,-9
3075,-2025,15875,4790,-7
5475,-2033,16219,4993,-7
6787,-1993,15087,4941,-9
8443,-2373,15103,4846,-7
10235,-889,13647,4993,-7
10887,-1477,12211,4694,-3
13011,-1441,12127,4743,-6
14099,-1473,10703,4698,-7
15771,-433,8215,4865,-4
16011,-1397,7335,4766,-9
16163,-633,5435,4864,-7
17431,-245,3123,4724,1
18115,-209,2855,4664,-15
18147,-597,455,4664,-21
18799,-13,-2836,4586,172
17743,-505,-3716,4519,-172
18339,-977,-5036,4993,-164
17111,-77,-6644,4767,-173
16283,422,-8968,4921,-179
15939,-201,-9764,4727,-177
14447,-65,-10756,4627,-178
13263,-205,-12448,4996,-178
12035,642,-13448,4820,179
10943,74,-14544,4775,-177
9527,-465,-15160,4953,178
7395,-105,-16076,4749,-179
5295,-557,-16964,4874,-177
4175,-661,-17164,4826,-177
2679,-121,-16640,4765,-177
-72,-733,-17468,4881,-178
-1092,-401,-17016,4596,-176
-2228,-1565,-16472,4904,-176
-3328,466,-16292,4984,-178
-6968,-1213,-15000,4802,-175
-6788,-1313,-13508,4747,-175
-8952,-833,-13712,4865,-174
-11016,-953,-10704,4714,-175
-12004,-2025,-10704,4640,-169
-12352,-1213,-8320,4803,-168
-13708,-1377,-7140,4717,-170
-14012,-2089,-5548,4669,-161
-14244,-1821,-3988,4717,-151
-14484,-1925,-2884,4938,-138
-14148,-2173,507,4773,-125
-14052,-2209,1703,4807,-66
-14676,-2673,3555,4962,-38
-14292,-2361,4931,4793,-31
-13404,-2449,7183,4950,-23
-12140,-2377,8123,4948,-18
-12164,-2333,10631,4770,-11
-10384,-2005,10603,4776,-10
-8508,-2433,11407,4775,-12
-7408,-2461,13615,4848,-11
-6636,-2705,14295,4746,-10
-5108,-2757,15051,4730,-11
-2368,-2641,14967,4933,-9
-908,-2457,14747,4853,-9
-480,-2181,17275,4812,-8
1939,-2801,15915,4763,-8
4055,-1989,16175,4724,-7
5751,-1397,15907,4961,-5
6887,-1489,14683,4816,-8
8891,-2065,14719,4761,-8
11339,-1721,13723,4963,-5
11383,-2049,13015,4657,-5
12451,-1377,13247,4907,-7
13867,-1445,10183,4663,-12
15443,-377,7943,4785,-4
16347,-1261,8199,4661,-4
16871,-785,4463,4591,-7
17819,-769,4151,4577,-8
18179,-445,2183,4886,-12
16959,-697,391,4733,-50
18387,-433,-1688,4744,-172
17687,-117,-3304,4611,-164
18327,-393,-3924,4856,-172
16671,-633,-5772,4774,-172
16187,-153,-9032,4719,179
16043,-849,-8976,4772,-175
14599,-493,-10676,4828,-174
13015,-73,-11492,4849,-179
12127,14,-12948,4812,-177
10447,-493,-14756,4725,-178
9307,-449,-14688,4636,-179
7791,686,-16580,4885,178
5631,-709,-17540,4759,-176
4335,-661,-16664,4782,-179
3019,-417,-17200,4917,-179
511,-773,-17708,4786,-177
-992,-229,-16716,4737,-178
-2968,-213,-17108,5002,-178
-4248,-1701,-15316,4840,-178
-6348,-1553,-14484,4828,-174
-7032,-841,-14828,4757,-174
-9332,-1589,-12892,4833,-172
-10472,-1221,-11624,5049,-171
-12672,-1357,-10800,4829,-171
-12380,-1757,-8200,4768,-168
-13196,-1553,-7268,4818,-165
-13448,-2317,-5296,4832,-158
-13904,-1957,-2772,4754,-154
-14864,-2409,-3108,4855,-128
-14184,-2521,-40,4823,-129
-15380,-2573,843,4803,-57
-14596,-2397,3167,4834,-39
-13920,-1985,4695,4872,-30
-13472,-2557,6707,4963,-19
-12220,-2413,8175,4780,-17
-12320,-2453,10171,4666,-15
-11048,-3245,11135,4884,-14
-8984,-2709,11667,4749,-12
-7388,-2421,13195,4844,-10
-6940,-3261,13607,4792,-12
-5004,-2573,14615,4609,-10
-2596,-2905,15703,4877,-9
-440,-2257,15291,4747,-7
-648,-1649,16551,4913,-7
475,-2225,15951,4809,-7
3807,-1553,15731,4769,-5
5975,-1585,16015,4944,-5
6635,-2045,14687,4804,-7
9055,-1929,15343,4760,-5
11223,-1553,12831,4769,-6
10811,-1353,12675,4821,-4
12895,-993,12163,4878,-3
13531,-1125,8995,4546,-9
15539,-861,9555,4839,-3
16039,-841,8399,4750,-5
16247,-653,4583,4522,-7
18123,-165,3719,4509,-7
18831,-1393,1951,4929,-8
16875,-1029,1211,4571,-98
19127,66,-3092,4750,164
16491,-805,-2124,4686,177
17747,-609,-3872,4745,-168
16395,-957,-6392,4835,179
16695,-69,-7020,4622,-176
16527,-997,-9592,4783,-175
14431,246,-10532,4740,178
13947,478,-12548,4809,-179
12367,-153,-13400,4567,179
10719,-273,-13776,4759,-179
9463,-573,-15644,4617,-179
7751,-85,-16024,4835,-179
7059,-453,-16104,4842,-179
4527,-389,-16940,4746,-178
2795,-497,-17356,4830,-179
1599,-989,-17956,4760,-177
-508,-1365,-16396,4839,-177
-2396,-817,-17552,4752,-177
-3412,-565,-15904,4588,-178
-5660,-781,-15360,4720,-177
-7676,-1841,-15160,4949,-174
-9232,-1717,-13692,4744,-173
-9760,-497,-12976,4677,-174
-11336,-1485,-10940,4894,-172
-11964,-2029,-9740,4999,-166
-13468,-2193,-8720,4889,-168
-13820,-1765,-6160,4614,-163
-13736,-2425,-5132,4706,-162
-14228,-2197,-3268,4768,-153
-14412,-2577,-1268,4838,-125
-13968,-1909,795,4907,-83
-15540,-2889,2323,4666,-59
-14136,-2589,4147,4725,-34
-13176,-2365,6035,4895,-22
-13328,-2421,7283,4887,-23
-12864,-2173,8599,4637,-15
-11396,-2365,10659,4551,-12
-9500,-2013,10851,4847,-11
-8660,-2373,12383,4708,-11
-6712,-2137,13455,4838,-12
-5676,-2545,14467,4799,-10
-4752,-2241,16247,4756,-9
-2948,-2393,15847,4986,-10
-472,-2113,16039,4649,-8
1071,-1853,16271,4927,-6
2155,-1921,15975,4836,-6
3695,-2697,15855,4819,-8
5851,-1853,15403,4799,-5
8583,-1045,14211,4739,-5
8887,-1713,14231,4837,-7
10011,-969,13147,4638,-6
12583,-1417,12199,4681,-8
13439,-1301,11607,4821,-6
15291,-1181,9407,4702,-4
15223,-1157,7395,4684,-5
17119,-937,7079,4896,-11
15935,-1509,5047,4554,-10
17879,-1037,3771,4522,-4
17687,-1121,1795,4636,-10
17095,-533,1419,4661,-107
17771,-81,-1656,4910,-166
18751,-329,-4048,4529,-170
17711,-197,-4664,5091,-176
17307,-149,-6960,4558,-179
16231,178,-9184,4532,179
16615,-289,-10116,4784,178
13827,-349,-11184,4658,178
13663,254,-12460,5100,-176
11503,-5,-13268,4851,177
10519,-189,-14384,4693,179
8927,-609,-15984,4766,179
6719,-381,-15696,4732,179
5595,-521,-16876,4828,-178
4175,-185,-17188,4764,-178
2895,-265,-16916,4889,-178
-84,-981,-17564,4795,-177
-1684,-985,-16632,4778,-176
-3116,-329,-16664,4995,-178
-3704,-933,-15540,4717,-176
-6480,-1413,-14496,4848,-176
-7040,-1045,-14816,4691,-176
-8948,-1009,-13008,4852,-175
-10624,-1253,-10664,4840,-174
-11872,-1733,-10840,4686,-171
-11708,-2277,-8528,4854,-168
-13808,-1633,-8504,4785,-165
-13964,-2265,-5112,4655,-159
-13948,-2309,-4316,4715,-151
-14724,-2145,-2176,4842,-132
-15356,-2621,19,4797,-122
-14020,-2189,807,5107,-67
-14236,-1845,3551,5019,-51
-13356,-2189,5095,4843,-34
-13624,-2705,6399,4638,-23
-12520,-2565,8507,4858,-16
-11852,-2329,9963,4803,-13
-10960,-2609,10251,4760,-12
-8744,-2053,12431,4690,-10
-7112,-2929,12987,4953,-11
-7352,-2577,14555,4677,-10
-5260,-2461,14963,4814,-10
-2328,-2681,15235,4817,-8
-656,-1777,15703,4732,-6
-492,-1881,15467,4996,-8
1775,-2101,16051,4833,-4
4107,-2109,15807,4869,-6
5415,-1425,16251,4934,-6
7099,-2165,14403,4736,-8
9475,-1701,14359,4869,-6
10419,-1653,13307,4871,-3
10923,-1729,12507,4720,-6
12443,-1093,11615,4967,-4
14303,-617,10679,4813,-7
15343,-1517,8307,4693,-12
16139,-1013,8359,4832,-4
16875,-1161,5499,4714,-17
17951,-477,2407,4821,-8
17283,-601,3723,4695,-9
17559,-333,871,4765,-45
18111,-957,-1680,4941,-151
17715,150,-2924,4775,176
17203,-73,-4724,5112,179
17307,10,-6876,4767,-173
15083,-501,-9720,4743,178
14691,394,-9924,4848,-178
14635,-229,-11812,4959,-178
12847,-213,-13992,4919,179
11239,-97,-13172,4621,-179
11259,518,-14224,5303,-179
8583,-877,-14520,5279,-176
5335,-465,-14964,5344,-176
4187,-357,-15660,5454,-179
2651,-301,-15616,5665,178
223,-449,-15832,5757,179
-1580,-93,-16188,5748,-176
-3332,510,-14752,5792,-177
-5792,-1465,-14776,5931,-173
-8364,-1353,-12112,5912,-171
-9680,-1061,-10196,5946,-172
-11468,-1621,-9504,6115,-175
-12424,-2285,-5656,6176,-167
-14108,-1749,-5588,6214,-168
-14364,-2409,-416,6084,-139
-14412,-1797,1335,6376,-69
-14268,-2669,3135,6432,-65
-14584,-2353,5495,6361,-30
-12632,-2521,8591,6647,-19
-12812,-2961,10011,6381,-13
-10288,-2185,12007,6584,-10
-8620,-2025,13583,6403,-9
-6652,-2113,15571,6713,-7
-4140,-2765,16775,6739,-8
-3208,-2893,18235,6674,-7
2227,-2261,17299,6993,-6
2555,-2853,17879,6999,-9
4843,-2029,18183,6939,-7
7999,-2561,15391,6607,-5
10175,-1457,15335,7063,-7
12419,-2281,14407,6856,-8
13755,-2121,11719,6895,-6
15367,-1469,9691,6919,-7
17083,-1337,6123,6794,-9
17747,-1949,4971,7020,-11
17523,-929,2219,7116,-14
17603,-1117,-172,6680,-89
18119,-1285,-1492,7110,-160
16607,362,-4708,7083,-174
14855,110,-8272,7193,-176
13955,-245,-9808,7362,178
10967,814,-11532,7167,174
8715,-33,-14048,7105,-178
5315,-617,-14276,7458,-177
3923,-217,-15340,7227,-176
1399,-929,-15132,7359,-176
-1956,-773,-13984,7436,-175
-5340,102,-12996,7530,-179
-6720,-597,-10504,7450,-176
-9708,-2173,-9652,7381,-174
-11804,-2721,-7512,7391,-166
-13088,-1421,-3568,7616,-154
-14920,-2529,-840,7450,-131
-15060,-1701,1855,7412,-46
-13252,-2361,4707,7404,-42
-13276,-2789,5687,8008,-18
-15116,-2753,13219,7885,-12
-9316,-2177,13319,7157,-9
-10684,-3001,13839,7711,-8
-6052,-3413,17019,7298,-10
-3088,-2225,16995,7805,-7
-1892,-2481,20547,7927,-9
1539,-2069,17535,7935,-9
5883,-1337,19083,7743,-3
6059,-1813,16679,7666,-8
9435,-3909,18795,7703,-8
14347,-457,13007,7514,-5
14835,-385,11211,7612,-8
16107,-1221,10739,7584,-5
17059,-1073,6931,7616,-10
18419,-461,4755,7691,2
20243,370,167,7766,2
18383,-917,-1968,7760,-177
14975,-921,-3116,7567,-174
16811,-17,-7648,7255,-171
12751,-941,-8616,7743,-177
12231,410,-11544,7718,179
8639,-921,-12484,7745,-179
5663,-489,-13432,7703,-175
3207,-729,-14148,7814,-179
1011,-905,-14516,7640,-174
-3860,-281,-12308,7587,-175
-4464,-569,-11632,7754,-176
-7448,-2509,-10724,7615,-174
-10148,-213,-7140,7832,-161
-11988,-1797,-5376,7403,-165
-14320,-2517,-2968,7788,-145
-15096,-1605,1259,7560,-57
-13988,-2297,2927,7822,-32
-14400,-2453,5559,7946,-36
-14636,-2265,11271,7752,-12
-10916,-1973,12731,7255,-14
-11180,-2833,13623,7510,-12
-6008,-2673,15971,7604,-8
-4848,-1733,18299,7583,-5
-3576,-2193,18079,7767,-8
2031,-2745,18739,7625,-7
3791,-2077,18527,7625,-5
3587,-2497,18571,7504,-8
9523,-2657,17599,7623,-8
12111,-2117,15015,7734,-9
12847,-2173,14275,7673,-5
15779,-77,11083,7510,-3
17187,-413,8391,7473,4
18799,-1301,5367,7593,-6
17139,-629,4015,7565,-2
18659,-501,1347,7992,-73
16971,534,-2360,7787,-175
15647,-193,-5388,7652,178
16043,-1193,-8384,7450,-170
12555,-577,-10932,7852,179
9211,346,-11860,7499,-179
7007,-489,-13344,7802,-179
5103,-1193,-14308,7681,-177
1251,-889,-14720,7847,-177
-1340,-1141,-13756,7916,-178
-4540,-1029,-12616,7849,-175
-7492,-181,-10384,7732,-179
-10668,-1717,-8336,7602,-175
-11372,-1177,-5960,7612,-169
-13176,-2725,-3036,7804,-165
-14248,-1585,-228,7888,-107
-14844,-3265,3155,7751,-49
-14184,-2377,4787,8060,-33
-14840,-3125,10539,7345,-19
-12092,-2649,8719,7496,-11
-11760,-3169,14379,7542,-11
-7836,-3057,15051,7716,-7
-5976,-2593,18363,7749,-9
-4160,-3393,18191,7844,-10
83,-2473,18227,7420,-8
2583,-3353,19787,7925,-9
5807,-2021,19327,7932,-7
8971,-1841,16039,7627,-8
10743,-2721,16687,7437,-6
13575,-1465,14243,8042,-11
16363,-745,10631,7640,-4
17087,-1549,9187,7736,-3
17711,-953,6939,7552,-13
18355,-1857,3575,7509,-4
18863,-293,859,7810,-45
16671,-877,-1660,8221,-143
16367,462,-4596,7764,176
14359,-425,-8852,7825,-174
13215,-1085,-10504,7656,-173
9251,-325,-12304,7999,177
5499,790,-13432,7712,178
5003,-1217,-14212,7922,-176
1035,-985,-14124,7957,-173
-3360,-2261,-14012,8161,-172
-4700,-2493,-11148,8100,-171
-8360,-1085,-10720,7812,-166
-9492,-1645,-7628,7669,-169
-12788,-117,-6352,7779,-165
-14004,-1769,-1812,7827,-142
-15704,-3353,555,7733,-88
-14444,-1845,3467,7804,-18
-13620,-2185,5359,8518,-16
-13436,-2753,14843,7874,-17
-10916,-2117,11751,7768,-10
-10976,-2449,15931,7540,-7
-5656,-1653,16067,7845,-5
-5736,-2649,17955,7867,-9
-2556,-2825,19019,7797,-5
751,-2017,19447,7911,-5
4479,-2141,18887,8048,-8
7191,-2969,16191,7781,-8
9051,-1205,18119,7840,-5
13507,-269,13791,7191,-4
14475,-1293,12051,7857,-4
16087,-1549,11619,7745,-8
18015,-689,6575,7563,-9
18111,-1049,3743,7531,-4
19759,-649,1047,7758,-30
17739,-1317,-2184,7738,177
15679,-1409,-4872,7579,-157
14791,-1065,-6488,7508,-179
14435,-177,-10132,8348,-173
11335,-617,-10524,7761,179
8335,-1157,-13312,7929,-178
6739,-1061,-13396,7947,-174
1851,-485,-14024,8016,179
143,-505,-14072,7829,-179
-4768,-73,-13384,7714,-174
-5904,-1829,-11032,7831,-176
-9308,-33,-10468,8008,-172
-10472,-2201,-7156,8044,-164
-11440,-2001,-3244,8162,-141
-14676,-2413,-1216,7808,-125
-14752,-2477,2471,7988,-55
-13756,-1801,5431,7948,-29
-14352,-2789,10679,7589,-23
-14824,-2701,11471,7318,-14
-10808,-2793,14187,7827,-7
-8376,-3253,14779,7777,-7
-7752,-3473,18039,7992,-11
-3184,-3325,18623,7799,-9
787,-2857,19451,7773,-4
2355,-2369,17647,7782,-9
4415,-3165,19391,7947,-7
10879,-1045,17451,7635,-5
12187,-1001,15099,7688,-5
11867,-2281,14787,7782,-5
16631,-1345,11895,7777,-11
16547,-637,8499,7555,-1
19271,-321,4931,7832,0
17091,-1933,3511,7747,-8
19067,-313,1067,8341,7
17075,-573,-2604,8006,165
17383,-949,-4996,7828,-161
13095,-1077,-7200,7826,-179
12487,1218,-12240,7655,179
8975,-1193,-12636,7691,-177
7419,-997,-12324,7718,-177
3587,-145,-15128,7959,-173
-204,-1177,-13112,7886,177
-4260,422,-13020,8017,-178
-3972,-2085,-11752,8074,-177
-7236,-2329,-10548,8048,-173
-10232,-1077,-7600,8162,-164
-13336,-365,-4876,8074,-160
-12172,-3109,-2316,7851,-131
-14440,-1669,1387,8016,-64
-14480,-2729,4595,8127,-33
-14024,-2409,6739,8407,-21
-14116,-2925,10411,7875,-11
-10436,-2565,13179,8010,-9
-7632,-2461,15551,7979,-11
-6960,-2125,17263,7963,-7
-3348,-2065,18071,7786,-6
355,-1985,19195,8107,-7
1251,-2213,18691,7865,-8
4563,-2981,19891,8152,-10
7959,-1581,17051,7600,-6
10111,-901,15727,7879,-4
12007,-2137,14191,7992,-4
15647,-1097,11463,7847,-8
16479,-277,9519,7811,-5
17955,-673,5895,7792,1
16743,-625,2803,7884,-19
18875,-793,2163,7935,-14
17671,-485,-2036,7887,-172
15143,-145,-5176,7543,-171
15819,-1877,-7636,7836,-167
13003,-465,-11240,8177,-174
8427,922,-12696,8123,-175
7211,-257,-12132,7983,-179
5287,-1825,-13828,8025,-174
1119,-905,-14344,8121,179
-3300,382,-13372,8685,-177
-4900,-633,-11120,8283,-178
-6756,-2241,-10760,8061,-170
-10476,-1777,-6340,8165,-167
-12068,-1477,-3004,8265,-153
-13776,-2473,-840,8193,-133
-15088,-1989,2099,7995,-82
-14436,-2365,4123,8501,-30
-12328,-2397,7711,7989,-15
-13636,-2449,12399,8158,-14
-11532,-2149,14847,8047,-11
-9316,-3461,15655,8013,-7
-5832,-2913,18575,8196,-6
-1016,-1365,18239,8291,-7
239,-2689,20227,8622,-11
3663,-3401,19415,7939,-9
6195,-1721,18387,8219,-5
9355,-1433,15227,7731,-4
12663,-761,14951,8041,-7
15107,-2449,13559,8172,-9
17159,-245,11083,8064,-6
17343,-1769,6835,7801,-3
18799,-413,4455,7803,-4
18235,-1849,2415,8152,-14
17999,-985,-3396,7973,-161
16779,458,-4980,7633,-178
13391,-877,-8272,8077,-165
14631,-1173,-9500,8018,-172
9263,-285,-10900,8251,175
6799,-705,-12732,8049,177
6203,-745,-13756,8106,-173
1535,-1329,-14068,8303,-175
-3496,-1393,-13308,8464,-179
-5204,-821,-10876,8392,-171
-6292,646,-9532,8020,-179
-10512,-1249,-8168,8054,-171
-13696,-3549,-4328,8296,-144
-12608,-1957,-928,8352,-139
-13612,-2493,2047,7998,-69
-15088,-2257,3971,8249,-42
-13440,-2905,6167,8266,-13
-12064,-1973,12255,8006,-12
-10208,-1905,15039,8110,-10
-10504,-2553,15951,7753,-7
-5352,-2561,18887,8142,-6
-2680,-3041,18087,8070,-7
-624,-2621,19595,8149,-9
2207,-3433,18639,7981,-7
5527,-1325,19283,8161,-4
10911,-249,16395,8167,-1
11511,-1525,14031,8172,-3
12831,-1761,14207,7941,-4
16711,-1193,11287,7773,-4
16863,-677,6715,7986,-1
18307,-1273,3999,7811,-8
19151,-1421,3171,8003,-12
18643,-1305,-2612,8205,-163
16087,858,-4636,8029,-170
15183,-1013,-8040,8048,-163
14147,-825,-7920,8191,-178
10355,-821,-10344,8423,-176
8295,-473,-13788,8080,-175
5711,-633,-14100,8156,-176
2291,-449,-13820,8211,-172
-2236,-2085,-13952,8293,-174
-4536,-2349,-11680,8332,-175
-5444,-2413,-10472,8176,-164
-11044,-1885,-7692,8179,-156
-12296,-2373,-6124,7977,-168
-15288,-2017,-2004,8099,-159
-13984,-2073,1987,8287,-52
-14632,-3509,3551,8223,-52
-13580,-2541,4955,8244,-15
-13456,-3297,12335,8259,-10
-9632,-2097,14447,8299,-11
-8508,-1897,15935,8246,-9
-6844,-1897,18275,8053,-8
-2548,-2209,18679,7964,-6
-272,-2285,20055,8099,-5
403,-2577,16791,8031,-8
6451,-2293,20303,8255,-8
10947,-1649,16715,8034,-5
11663,-1245,16131,8155,-1
12035,-1501,14863,8399,-4
17419,-705,11959,8002,-10
16627,-1813,7971,7857,-7
18607,-161,5675,7442,2
18843,-413,2131,8017,0
18699,-1777,-776,8189,-43
16023,-605,-1244,8428,168
15899,-793,-6408,7828,-164
13947,-793,-8732,8137,-175
12851,-1709,-9532,8360,179
8115,-657,-12692,8179,-175
5499,346,-14196,8164,-173
2251,-1441,-13124,8172,-178
-276,-1221,-13332,8080,-176
-3864,-741,-13176,7884,-171
-6968,-981,-10724,8316,-176
-11200,-1165,-8464,8294,-176
-10868,-2601,-6344,7842,-170
-12292,-1949,-1740,8412,-150
-14932,-1457,2003,8003,-95
-14320,-2521,3927,8087,-54
-13352,-2761,5151,8326,-26
-14168,-1321,11259,8446,-8
-10492,-1737,12859,8094,-11
-11644,-3017,15275,7801,-11
-7344,-2697,15047,8094,-9
-3956,-1373,19467,8207,-6
-1448,-1885,19151,8327,-4
875,-2917,18763,8215,-9
5935,-2553,19083,8101,-7
7939,-2241,16939,7753,-4
11231,-1181,16143,7839,-3
13203,-1773,14235,7969,-6
15327,-1453,12555,7863,-5
15043,-285,9383,8070,-2
18019,-377,5831,7494,-2
17611,30,3263,8080,-12
19599,-1097,2995,8121,-5
17543,-245,-1172,8310,167
15111,426,-5468,7749,176
13603,-1177,-7852,7869,-173
13007,-273,-10212,8023,-176
8931,-765,-11508,8017,177
5363,-1549,-13968,8130,-175
5199,138,-13448,7997,-173
763,-609,-13836,8157,-174
-4584,-1633,-12900,7824,179
-6068,-925,-10236,8326,-175
-6820,-1933,-9984,8152,-168
-10856,-3385,-7256,8093,-166
-12956,-1709,-3056,8189,-148
-13088,-1969,-164,8448,-130
-16168,-2777,1871,8071,-67
-14156,-2437,5583,8209,-26
-12252,-2469,9803,8502,-16
-13176,-3161,11811,7781,-12
-12348,-3273,13927,7975,-12
-9372,-3877,14555,7688,-9
-5800,-2121,18631,8309,-9
-1768,-2469,18031,8050,-10
-520,-3885,19799,8368,-9
3043,-3441,18731,8147,-10
7367,-1665,18583,7806,-4
8435,-921,16915,7947,-2
12343,-1525,14963,7827,-2
