-2012,4174,-22
-2796,5990,-26
-1808,9598,-12
-2952,10826,-14
-1784,12958,-9
-1940,15510,-7
-2004,15426,-6
-1720,17754,-2
-1716,16710,-8
-2340,19030,-6
-1204,18562,-6
-2464,17066,0
-2892,17854,-1
-2648,16154,-8
-76,13958,0
-2400,14690,-10
-2164,11242,-10
-1568,9526,-9
-1488,6782,-12
-936,5210,-10
-348,1362,-14
1155,-833,125
-968,-3793,-165
455,-4865,174
543,-7509,175
-16,-9073,-179
1103,-11597,174
-668,-11913,-176
1551,-15697,173
-188,-14581,-179
663,-14169,177
423,-15281,178
-356,-13105,-178
-492,-15293,175
-456,-14313,-174
559,-11873,177
-1440,-11557,-176
-480,-8097,-172
-1316,-7205,-168
-544,-4849,-158
-964,-2217,-160
-1924,318,-104
259,2602,8
-2920,5234,-29
-1080,6482,-9
-1640,9954,-9
-2964,11034,-15
-1160,13286,-4
-3368,16874,-11
-1880,15358,-6
-2752,18030,-8
-1728,18186,-5
-2352,19858,-7
-2944,16954,-9
-732,18302,-2
-2032,16778,-6
-452,15246,-1
-1772,14894,-7
-1892,11942,-8
-1464,10118,-8
-1140,8830,-13
-1708,5902,14
-1296,4434,-6
1327,222,-25
-952,-3341,161
467,-2889,-174
-276,-7497,177
-532,-7125,-176
755,-11053,175
-36,-11225,-179
1491,-13361,173
-1560,-14197,-173
-1676,-11653,-171
-476,-15685,-178
-800,-14621,-176
1139,-14893,175
-8,-14765,-179
203,-12661,179
-1612,-11361,-172
-396,-8001,-177
155,-8525,178
-1112,-5389,-169
-1180,-3289,-159
-1960,-1085,-111
-1332,1722,-42
-856,3934,-16
-2712,6034,-22
-1960,9334,-22
-1856,10862,-16
-1012,12186,-12
-2652,16134,-7
-3004,15682,-10
-2232,17638,-8
-2072,17094,-9
-1304,17546,-4
-1772,19038,-5
-848,17270,-2
-1224,17334,-4
-176,16170,0
179,13770,0
-804,12254,-3
-820,11226,-4
-792,8778,-5
-56,6546,0
-276,5074,-3
111,882,7
-168,-1165,-173
555,-3561,170
-608,-5577,-173
403,-6925,176
1403,-10569,172
-284,-11045,-178
-440,-13753,-178
-940,-12549,-176
387,-15057,179
-880,-15769,179
243,-14461,-178
751,-15337,171
-1548,-14389,-178
435,-12597,-176
-1948,-12169,-179
-656,-10245,-176
-1264,-8833,-170
-1460,-7421,-168
71,-4497,179
-1940,-2341,-140
-44,1310,-1
-784,3074,-14
-1808,5206,-19
-1260,7642,-9
-3460,11126,-17
-540,12566,-2
-1636,15674,-6
-2736,16102,-9
-4196,18382,-15
-2704,16386,-8
-1976,19038,-6
-2384,17958,-7
-2120,18286,-6
-1608,16982,-5
-916,17698,-3
-1192,14118,-5
-932,13054,-4
-464,11582,-3
-2368,8066,-7
-636,7438,3
47,4274,-11
539,2610,0
-628,-985,-99
1235,-2457,153
-580,-4821,-171
219,-6161,177
579,-9549,176
175,-10109,179
1723,-13553,172
-1060,-13101,-175
195,-13209,179
-168,-16433,-179
-1296,-13249,-174
1199,-15597,175
-1544,-15089,-174
-404,-13445,-178
-972,-13257,-175
-300,-9785,-178
-852,-9621,-174
-2232,-7137,-163
-520,-4821,-172
-1880,-3265,-143
-564,530,-64
-3404,2062,-37
-1996,3990,-31
-1980,7654,-20
-2656,9958,-17
-1092,12098,-8
-2548,14366,-5
-1280,14730,-4
-2928,17538,-10
-2332,16874,-7
-1224,17422,-4
-2692,18086,-8
-1448,18390,-4
-3044,17334,-9
-1528,17858,-4
-2448,15574,-8
-2124,13946,-8
-2352,12614,-10
-1776,9202,-10
-1432,8082,-9
-836,5306,-7
1687,4166,19
-1952,-541,-102
227,-2561,167
-92,-4889,-178
-564,-5377,-176
1151,-9297,173
-112,-10621,-174
1499,-12501,175
-580,-14313,176
-536,-12505,-178
-1352,-15953,179
-1576,-13717,-177
-80,-14525,178
-1636,-15557,-173
135,-13777,179
-324,-12769,-178
-1508,-11213,-172
243,-9317,178
-828,-7097,-173
-1904,-5229,-159
-1708,-3405,-153
-1612,426,-75
-1936,2298,-41
-2404,4398,-29
-3936,7358,-27
-3332,9726,-20
-2048,11950,-10
-4420,12130,-17
-1276,15094,-5
-3172,17754,-10
-1396,16230,-4
-636,18598,-2
-1956,17106,-6
-1672,17510,-3
-2156,17758,-3
-2572,17374,-2
-916,15402,-2
-2756,13818,-2
-1608,13558,-4
-1260,9806,-11
-624,7810,-4
-344,5402,-3
-444,4514,-5
691,-1205,150
307,-1977,171
431,-3625,173
-304,-7697,-177
159,-7805,178
1239,-10413,173
-468,-12285,-177
587,-12953,177
-580,-15457,-177
463,-14541,178
-604,-15553,-177
-1200,-14709,-175
-848,-13901,-176
-444,-13065,-178
-640,-12833,-177
-1428,-10149,-172
-48,-7969,179
-1456,-7373,-166
-1648,-3857,-156
-1788,-1857,-132
-2144,-325,-95
-1988,3254,-57
-3728,5394,-33
-2520,7710,-19
-1848,10110,-12
-3092,12002,-15
-1712,13766,-6
-940,14986,-3
-2632,17126,-8
-2384,16450,-8
-2476,18162,-7
-2016,19778,-5
-2184,18110,-6
-2796,16994,-9
-2172,16342,-7
-1844,14294,-6
-1736,14090,-7
-1732,12466,-7
167,9650,0
-1472,7590,-11
1043,6138,11
-864,3722,-14
-676,-229,-108
431,-2509,172
-448,-4465,-179
-764,-7569,173
387,-7645,179
243,-11325,-179
-1536,-12713,-179
359,-13309,-178
-1196,-15437,175
-432,-13541,-178
-596,-14169,-177
-1168,-15785,-175
-336,-14009,-178
-144,-13137,-179
-640,-12061,-176
-2088,-10041,-168
-1896,-8145,-166
-1880,-6829,-164
-1428,-4481,-161
-1732,-1833,-118
-2196,822,-65
-2392,3842,-33
-2320,6442,-22
-964,8338,-6
-3108,11174,-18
-2088,11818,-9
-1884,12934,-7
-2372,17554,-8
-1864,15662,-7
-1360,19014,-9
-2396,17786,-7
-1052,17414,-8
-2884,17218,-4
-2712,18162,-6
-1540,16294,-4
-2164,14654,-7
-604,13674,-2
-1264,11266,-6
-504,8466,-2
-960,6878,-7
-520,5546,-5
-1084,2618,-22
-188,-205,-137
1523,-3025,153
-1012,-5889,-170
447,-7217,176
-188,-9821,-178
-604,-9961,-176
375,-12181,178
-360,-12397,-178
47,-13889,179
-1124,-16933,-175
-1468,-14945,-174
167,-13845,179
-724,-13661,-176
-636,-12225,-177
-1168,-12605,-176
-1772,-9561,-175
-140,-8169,-173
-1468,-5385,-179
-1896,-3849,-164
-1980,-1769,-137
-2584,1246,-60
-2380,2490,-37
-2152,5614,-25
-1892,8838,-13
-1488,9694,-8
-2620,13362,-11
-2940,12778,-12
-3164,16194,-11
-2840,16702,-9
-1164,17446,-3
-1844,18266,-5
-2092,17310,-6
-2056,18438,-6
-2660,17222,-8
-1220,15214,-4
-2352,14438,-9
-2188,13434,-8
-488,11362,-2
-1440,9326,-8
-1848,7770,-12
455,4310,6
79,3094,-5
1003,-89,-106
-588,-3377,166
1299,-4649,170
-580,-8149,178
455,-9573,-173
575,-11029,-177
75,-12389,179
-484,-12837,-177
-1192,-15045,-175
487,-15393,178
-148,-15049,-179
-80,-15341,-179
-320,-13489,-178
-1116,-12713,-174
-1596,-13037,-173
251,-10061,178
615,-8685,175
-808,-7253,-173
-1296,-3193,-159
-1820,-1633,-136
-1188,1006,-50
-688,4026,-11
-2028,4150,-20
-208,8122,-1
-2732,11574,-13
-1032,10706,-4
-3504,14554,-8
-1328,15838,-6
-1020,17886,-13
-2172,16118,-9
-144,18178,-7
-2224,18634,-4
-1744,18746,-4
-48,16998,0
-340,15866,-1
-156,15434,0
-1264,12602,-5
-1664,11858,-7
-1728,9442,-10
-988,7610,-7
-2784,5638,-26
207,3650,3
-44,-393,-173
355,-2121,170
843,-5209,170
-296,-7537,-177
1879,-10517,168
1183,-11613,174
-212,-12181,-179
183,-14841,179
-364,-13257,-178
675,-14569,177
231,-15461,178
-1136,-14501,177
-852,-14229,-177
-1480,-14329,179
-428,-11833,-176
-1060,-10673,-179
-1028,-8981,-174
-612,-7257,-171
-2128,-4497,-153
607,-2353,167
-1564,546,-115
-2552,3810,-33
-2764,4610,-30
-2160,8574,-14
-2120,10670,-11
-1620,11170,-8
-1568,15254,-5
-1648,15786,-5
-2944,17482,-9
-2676,16630,-8
-1892,17462,-6
-1628,19134,-4
-2808,18506,-8
-924,16938,-3
-1400,17026,-4
71,14974,0
-1056,12634,-3
-344,11734,-2
215,10086,-9
-1616,6842,0
-1244,5510,24
-328,3670,5
543,-869,105
-1136,-3721,-173
-372,-4949,175
-124,-8813,-178
-160,-8685,-178
1279,-11917,173
-516,-12105,-177
1007,-13537,175
131,-16577,179
195,-15165,179
-60,-14785,-179
-1304,-15261,-175
183,-13761,179
187,-13929,179
459,-12453,177
-1416,-10609,-172
-472,-8453,-176
-1256,-6993,-170
-1024,-3681,-165
-1668,-1733,-137
-1648,662,-105
-732,4610,-12
-400,6382,-31
-1368,8074,-10
-2232,12090,-15
-2992,11726,-21
-2068,14474,-6
-2696,16398,-11
-1528,16582,-2
-2808,19154,-7
-1832,16722,-5
-1008,19158,-3
-2124,17942,-6
-604,17286,-2
-1240,16146,-4
-1204,16478,-4
827,13302,3
-1508,11338,-7
-1824,10026,-10
-984,7062,-7
-556,4478,-7
399,3690,6
-60,-589,-118
-988,-3853,-162
187,-6633,177
-2152,-8181,-163
443,-9037,176
719,-10601,176
447,-11785,177
579,-14385,177
2759,-15157,-178
947,-16089,-179
-392,-15525,179
979,-14253,-176
199,-14849,-173
-248,-13989,-172
-120,-11845,-177
-340,-11389,-178
-792,-9261,-174
-1620,-7029,-167
-1956,-5549,-160
-1140,-1945,-149
-2216,354,-80
-2440,2606,-43
-16,5318,0
-2648,8402,-17
-2752,9694,-15
-2100,11770,-10
-1528,12750,-6
-2052,16542,-7
-2764,15202,-8
-248,18442,0
-2784,18814,-8
-2352,18318,-7
-1548,18030,-5
-2748,18210,-8
-2176,15814,-7
-2328,15414,-9
-848,14390,-8
-1256,11898,-7
-164,9702,-8
-1728,8726,-2
-912,5130,-4
-120,3594,-18
-548,2610,-16
-168,-2533,-175
-376,-3525,-175
699,-6553,173
79,-8889,179
267,-9801,178
-116,-11821,-179
-236,-12301,-178
819,-15193,176
-1116,-15277,-175
1375,-14421,174
-2032,-15701,-172
-1392,-13669,-174
-404,-14089,-178
-1040,-11501,-175
-200,-10541,-178
-1492,-8825,-170
-2724,-7049,-160
-628,-5237,-172
-2128,-2509,-141
-1584,70,-124
-3464,2634,-44
-1756,5370,-28
-3208,6934,-19
-2972,10810,-3
-2820,11262,-9
-2736,13846,-3
-1172,15098,-4
-2184,16846,-8
-2020,17646,-6
-3180,17578,-10
-2024,18998,-6
-1908,18146,-6
-1356,16998,-4
-1696,16758,-5
-2492,16030,-8
-1792,13550,-7
-3136,12854,-13
-1232,10354,-6
-2764,8022,-18
-788,4906,-7
-228,2770,-3
-1316,1742,-42
859,-2125,154
251,-5349,176
555,-6701,174
1475,-9321,170
243,-10533,178
-264,-12585,177
11,-12809,-178
387,-13729,-175
-420,-16161,177
-708,-14425,175
-840,-14985,-176
-1552,-14817,-173
-1240,-13341,-175
-1120,-12465,-174
-1452,-11153,-172
-1348,-9945,-172
-1476,-7637,-169
-392,-6065,-176
-948,-3081,-162
-1668,-801,-115
-2128,902,-65
-1660,5726,-16
-3144,6434,-24
-1028,9094,-6
-2616,13074,-11
-1824,13502,-7
-3560,14642,-13
-4064,15754,-13
-2776,17874,-10
-2980,17106,-9
-2632,18266,-8
-1296,18462,-5
-272,18198,-5
-1012,16162,0
-324,16038,-3
199,13714,-3
295,11634,-4
-1012,10834,-5
1155,8334,7
415,5786,4
363,3510,5
283,1426,11
-1544,-1573,-135
-136,-4233,-178
127,-5957,178
1167,-8873,172
-124,-10417,-179
-528,-11421,-177
59,-12877,179
-104,-14913,-179
-468,-15333,-178
483,-15021,178
2807,-15393,170
1103,-15121,175
-1232,-13857,-175
-164,-13021,-179
595,-10837,176
-880,-9689,-174
-464,-7505,-172
-1880,-6137,-165
-2108,-3493,-147
-480,-921,-123
-2976,934,-66
-896,4150,-26
-2072,6830,-24
-2260,8510,-13
-1508,11262,-8
-2512,14754,-11
515,13990,2
-2344,15198,-8
-1444,17226,-4
-2640,18274,-8
-3108,18710,-9
-1224,18258,-3
-2356,17926,-7
-872,17598,-2
-1496,16530,-5
-1544,14282,-6
-904,12462,-3
-1820,10618,-9
67,8642,0
-972,6206,-7
-1156,4122,-18
-444,1798,-8
-128,-845,38
263,-4301,-173
227,-5545,-176
-736,-8569,172
427,-9089,-179
1363,-12185,175
-412,-12597,-179
279,-14101,-178
-188,-14741,-179
-28,-14281,-179
-688,-15333,-177
-1268,-15325,-175
823,-13741,176
-1844,-13557,-172
-460,-10729,-177
-1340,-9409,-171
-2404,-8645,-164
-1196,-6289,-169
-3120,-4233,-143
-1800,-889,-115
-2472,1190,-90
-2600,3574,-30
-1520,6038,-13
-2704,8442,-20
-1980,11102,-9
-3372,12914,-15
-1668,14218,-6
-2820,15946,-9
-2136,18154,-3
-2452,16922,-5
-3108,17942,-6
-2476,19254,-2
